117915670 715153225 355281197 620135059
915490081 487021227 941198777 587779363
652423634 617203178 445955235 602331214
464106938 365448605 253588430 242020332
168620371 872070874 335950 266659855
287704284 840521084 158838210 476913789
55338595 832320620 802195535 590887178
195301230 348837065 716348726 861204440
957202205 990381007 615006480 516602224
160403872 678959185 826239587 932910632
857996057 131973581 191237175 853575983
953434038 647865534 781893434 720519179
952329565 112002675 610589637 193949825
390605197 154340555 733648309 19401657
81068895 580269249 863669881 698029751
789179196 542938891 104537464 716845223
804004489 122045360 939836200 147882781
385255859 265745375 809967493 765663306
217905161 323850781 598124641 301843089
495937137 967533538 112038333 774123302
435290675 828063421 595025588 733425103
930042210 344725380 245072685 917936162
478820507 881235026 854001779 853673005
276702198 376325432 856964486 13152317
225080239 246830275 782058086 845452300
437258326 809769927 232634520 576975889
773333045 223554215 765614080 685257407
284968192 767187239 834859210 956962655
227556978 970271973 743881536 468133985
271715067 185124757 881581474 238562728
945826196 950347078 660376552 828098632
539638239 141689372 755165996 316495546
722952364 68614948 563215105 127374122
131638231 462378370 820669132 893583349
750500926 575127848 153706001 788187798
652206269 532402209 671804735 914174437
374149702 31511290 223441686 160962348
34029015 784695287 685903911 507181184
955078679 147007739 751511791 630520613
315261403 601518003 431555545 845727961
873815794 703380045 276107218 487535354
137493865 103267752 215779835 532878539
96581731 347275471 21997365 257134358
123355178 200583449 976005326 764768925
912661967 710384549 876281657 414086647
743621730 730184961 279160973 189240195
293944886 873931310 591218722 43626590
71676144 208863020 410692129 516470573
35284540 263348575 952238884 690912527
66547162 689865006 642204003 732238558
576178009 265194866 397818923 426677539
562793971 854339073 680172005 234144058
173747831 368346559 245617049 927118198
170142639 449229971 935442971 629898536
596519168 127792348 566574458 358065379
171768264 322656283 500289624 190471384
826684891 333700439 244347477 658826924
536011089 385276753 343494071 567463237
446318843 282633281 602685022 43274838
986049330 481191720 762624692 60852949
388203516 456024108 365825743 856462943
241003507 190844246 249190906 895985757
356051095 73927699 31192016 404838878
160682904 29939958 542063657 563308103
586531035 994667299 408626756 767319185
607047364 119331474 844354401 189562581
556025018 79475866 718190040 479863083
653094232 937989037 500706457 351448603
516803254 889860675 780125337 518691300
1979355 577926694 145190431 326461795
574083862 756904874 896907861 372009662
64351834 326445444 965232113 450277888
951566941 30090321 941631327 898540335
195162032 960030862 759435416 31801263
984822746 292161581 550110092 932466657
180133163 248125036 445214607 237806589
79855549 577329267 737650172 448636681
891419098 632098577 950862685 406482183
408544136 732557354 246362848 984865146
69871450 916643391 27534635 506047051
388949401 347665610 849648446 436636064
694191280 78021935 700351666 713950755
857884018 112727851 930921707 957785938
640505560 531503160 412316475 21592917
807394888 676951404 914792728 2564732
935598791 787236473 708886911 449797119
808912957 804598378 79730597 61835697
326942543 591237800 338958821 320855079
225976697 241510803 811436369 423405608
825816478 47423580 418411044 634983406
79299146 655628278 248282053 985159388
558024651 853727221 836854487 354648948
484938730 41009807 865945039 290846738
108717719 860067364 995784284 866490124
285132500 793659568 894518601 541564938
71681600 197433195 541690407 170708241
962110418 694351752 503759332 867518859
904818816 779572338 285462587 77751715
377721314 582585057 288566919 40068258
276103704 600758769 164099943 693642593
961964398 544936395 354363722 847916977
151184713 241215088 530432550 228495266
846997963 367538714 836916950 213645252
185919589 783788457 454755699 523069426
854506940 919685564 498725034 86197282
267842830 191180165 131624792 531963112
403474738 439392398 3285073 327772656
107348173 256548571 894259416 550779193
820070618 775733340 982607154 203986122
271834839 324182878 693419755 933018787
723283601 832532127 156630966 240967530
886341827 290482789 808141378 14034232
418554620 941585478 746601797 712043315
727393727 193275808 52661199 151074206
784251224 249125709 128872867 606788664
377220937 932859265 498000207 58914955
616320951 747395780 103328438 541245815
748824229 449776862 570069250 730552349
884753415 256890059 107142512 296987646
295149019 156420834 413331130 36034312
677617196 839416635 294893824 329086101
531917174 907867645 689175366 326877161
310488570 574673833 486966395 582196197
715096298 298503281 543403202 86930134
427240044 227664244 584076099 535365801
512581962 944480069 334074620 455208054
318196530 617782488 654067593 560969200
946537020 465020559 923458982 781392024
72616 128196975 311751458 512606040
342873472 541106409 469370946 307060256
105364640 268889584 499231288 6679436
914354900 390711369 18025873 254104972
177266377 321266397 822438111 239485687
489831281 72877541 235514231 381276324
340230887 142734659 517112781 654053984
878358883 622859392 541408564 728997683
54960429 620862748 10417846 51106001
745341757 791650521 246334342 270107309
401465442 76855376 86015473 164385539
737859869 889410278 508865748 475722270
329477627 381000748 450215479 991366059
266108973 62218980 285185825 578045037
440887769 910071534 586027427 316015212
96826969 290378761 582351033 406197442
959147961 7295230 501055109 685254852
416621774 933905058 816668790 440930662
436655346 663908297 553530246 3573122
523755544 506355403 217719225 754701822
190013966 115015767 829772147 578124559
492181114 866874382 781484409 132755832
269281036 959178900 911441815 493089789
125249811 879254202 498994316 931938696
326186402 316980592 815333530 572276044
452321675 491148419 386351319 584009028
144748439 453544181 910303175 556139833
812657139 625993144 358179084 431735644
246257678 713505479 593328475 324093250
798812055 113189284 347220234 80147815
860350600 754077636 618242347 188724213
228065701 199755331 708500578 976812760
973440515 618311751 639933686 239947419
842288754 567502584 990715965 564520205
982923166 778988109 885226077 31177293
187755168 498694286 825341259 401927858
76100293 166344026 797488312 774206918
380013473 753803423 803089799 336813022
727794668 621610966 192774268 541545612
115049211 814012299 483504418 246360596
918419022 383838483 34529639 488388804
711976019 542937517 860301554 993061211
885205997 111039142 833873187 104828550
468577378 379338536 32814481 64932427
997315316 43128112 440096249 330780296
143375503 548476579 149061467 316023282
536141615 622570651 463141661 592992618
808336268 344004880 732597508 913378052
208590588 10111655 913291601 553233288
294216077 468967740 664047120 251595972
371384372 569319823 608876747 937027367
395256131 150264332 178697805 233677647
568948595 844438207 266803251 952225646
34345798 232692610 24325657 523059052
259220450 252098966 250816165 366140530
880982874 223981515 327734575 900073490
44354802 40895162 637648495 890582567
735045765 396666253 957261373 596840522
951230978 356052159 909228801 719192113
140667091 821354380 211410199 275790452
481615079 895251009 118419093 113634473
52499655 295277378 532620224 27321776
104004885 759987907 739278981 519137022
709591072 742214577 832650936 545270103
278152503 851299767 180271904 964694796
437480777 480802623 861862902 746741100
840757187 978198536 57559271 317052311
534775226 10449400 159740426 738122749
570979307 348436027 973622234 306926178
871260550 521277489 103511606 823599943
558031789 268913449 211405794 245273574
658636237 833500847 463845354 204825793
310771410 667933750 297947439 565987746
554498674 749837876 683133568 271295201
652499653 781311464 979490083 451584915
166290153 760935142 312901523 613313061
383281925 353298068 371052423 504007449
792497454 686641359 845920168 275702363
770250956 615933408 448975130 64528569
167557471 739265323 160130415 401673777
709272906 16633227 498629078 141514444
772298309 815112027 823448510 590661064
737079728 587480279 735918877 840910708
242709919 439715598 63624313 626392214
459499011 504246186 916352836 439733435
91666556 425724440 326677872 223126960
772570250 889620347 475718502 72926550
876781771 918586351 794373711 789147326
107611968 150078345 872938071 249870518
426258050 690175344 942352884 121907493
105415852 45156774 991091596 21156708
467529759 155164726 821324749 519965218
4536777 753669864 44194007 932746758
19229766 678671634 811166815 371557889
742974983 347766405 580417475 364803490
268099054 949320956 470775485 120422590
378672450 372039757 152291734 89474552
314919222 231543206 23030440 238471207
207529965 125001603 404635908 9412174
976804236 599909657 568312843 590877191
702597804 534521972 108068206 680750388
62261952 376142669 596467761 345011129
957738593 758096599 557938786 208876799
567467713 860875834 46819278 708358495
739316459 50263913 768757810 567498179
643145153 179282792 687057517 389316904
175627336 227223963 763039992 97386525
25138327 748944940 502722887 301413297
800270770 91744858 68259048 682169593
775268017 7318955 644412609 736607907
492124653 302868905 146341862 656183180
126240823 254534627 63777920 452173490
603754376 94373542 425856583 517015858
210328721 568265269 709149290 877456915
557393151 200382581 565173705 285560100
654978210 678218332 17887688 478215982
532773047 739997631 260604375 893549319
529938612 585215761 34676868 522136223
596757841 257190562 112388147 368150431
107496030 734158051 850107397 153100645
689516588 561056875 7476789 777912889
34109136 481703078 160048945 60724257
874035943 222345022 330177869 670486831
8550220 678038845 405333001 795612125
11629564 239312983 769379602 952398747
994040898 995800950 324175080 559185297
106744735 942246317 996972866 463256342
940769924 589193855 376784180 9881617
302349584 688979968 104327969 735529802
10530674 689554096 797174608 119954192
909911324 229885136 52716787 252815149
372120312 976986324 52531201 473846479
259322914 825277752 756160107 268105819
748463428 511741251 568836833 219631276
972127535 143498524 370167744 229063973
137687316 533771126 801668316 198447133
714145763 563582874 210413799 207891278
263531598 598016500 281379719 14697959
445839921 942459736 565389006 551191308
716615653 131567356 253869672 518387910
580833398 452299080 321048319 387590943
244393597 306339092 560233332 654870029
848530000 404668294 382375876 118259972
81242067 642146931 611662825 660387135
296468544 861366502 723022154 670906347
710876237 604505325 457021570 639775995
647256764 220817526 244614419 83052189
852111099 580121034 670869340 49440113
438229154 313268020 483693394 83774051
858489476 244909396 763625807 80296165
79014978 937340067 844660401 698528216
487412693 773791268 636864127 495789431
475216084 243865725 234415872 436222137
813363432 720330039 200202959 707429243
872593990 552994394 418641876 485158704
503120645 701116352 182922372 328116811
113841530 268459152 241294119 222180449
231283606 246892373 40106904 808255957
78156284 283686763 665714217 61882382
986773105 252458865 511342885 207985828
417757554 772608270 313928545 727515401
602435929 261829059 346638300 964435365
229759646 443554022 725354633 210396554
990766754 469888143 32836495 411062755
471609254 124042774 584340202 456898830
567385157 269449629 995172096 182998532
199173043 940171204 27763748 871341855
53428146 182413658 566571394 949400910
367551779 771644892 357811696 411149474
435152114 903858830 283876394 320974358
890166735 247337072 170133304 615791922
270690961 499137199 631979675 132514259
255072682 435925253 111990800 931972626
119998455 857249334 185585095 618160340
533412063 606080748 666243322 819025142
533801950 965814785 12042319 175771756
613992154 935331872 592798267 628758848
929148361 901126536 187986552 874378352
103642478 690069242 940762968 74728066
990621186 213317771 904449480 307847349
243288953 763790110 171088071 784376456
626347115 844705235 508283922 761880609
839447387 843915668 818794713 224631158
225965438 761799353 208811117 509596692
882863118 91550637 936300070 38951790
369260117 35396844 527112696 213219803
904149493 879432701 652935668 719229766
746510631 982813951 840395678 420808279
8279534 651587790 580718918 203834749
180370484 36280993 113190178 321382831
487391920 541175486 738512452 641845337
988363597 547815923 541982456 863006568
974081436 70683295 680736658 748844984
631944307 627619673 77550415 955114086
639126073 546040441 726743764 774633684
91172912 65510847 85773806 621945466
61474497 301491173 974739810 478697262
874392642 18768837 78443994 228293047
639757080 568340110 965656355 621179496
467185303 713675733 253348410 420967495
175125146 452946320 799972681 947606861
319214565 481502234 173547583 302468949
113043680 713855779 247515465 498272210
364817719 351138973 624027111 839689616
717702872 782525521 433194480 24071739
158117082 879436732 962674733 624742163
928405476 945794259 571670098 435023748
996187421 645985059 926807020 579573799
381238526 223849076 507390969 943268953
27585591 141200094 654320626 85095153
478269289 885922521 536190083 877133209
788413575 935444513 593121941 516698532
204767924 605289037 286876340 200689247
769992566 316101951 703066979 787857169
812889046 604276987 414171255 675398502
250509093 116827863 267704199 152720695
179658713 60610688 540901907 314204640
438046677 219523358 509524267 899978778
869250682 540206793 309564339 36321705
618886346 688859497 770207349 141381341
48181026 350501522 340648800 67815398
632400975 578601785 423177764 607535961
229530157 390617183 132166595 839314483
453831478 300364734 499927791 264346948
317506259 430793682 941207793 469200829
248987815 299762748 531832594 919806258
636155009 969035351 66604573 275971399
521136884 125687158 804630065 315228454
140497467 15319337 43812820 881799398
657601459 829952277 111782960 191937741
716351755 573167180 537024081 604130276
473208520 357242512 117233538 460960325
728495000 300078518 388410016 346509712
575598598 182169087 656774859 169070978
937506935 938885360 674249126 796017949
639595870 582593849 468000881 769927611
649780685 441514406 232153921 155840479
255103547 425027292 520655106 213455085
333029699 632133976 962501532 992016497
418734713 143697200 657627537 194698541
437904034 418591624 653273206 661434396
75270014 146250450 696816981 552450302
357652348 3745782 236086215 662327766
820330282 133566178 766330781 605060491
57140606 311581810 107757746 926458220
967075925 72455627 180441205 132519524
375568099 205607159 624564895 449936707
481316536 666632857 18746555 951173357
995049732 135359935 536419228 868076096
645492024 589209812 987543885 536581518
94494855 272310189 601096639 692443970
806042671 73466651 511117312 106619102
573588416 516709240 721667851 416474249
962376713 734337198 640927866 924157921
428856866 754948386 70591314 873641777
255372179 638256428 874662877 152235504
524043383 329373782 959561851 180399998
523129749 928445726 41767041 751724885
672671687 438360694 750108652 737186732
97386662 818185073 203098166 503145368
598488073 118624867 560358590 678821045
259889878 253887110 364518505 984848162
219718706 773429652 12023223 43207024
234010977 337855548 537253662 1620190
92617793 227605778 809509011 186487157
879389052 600705161 902988146 870324481
705847879 198732463 319417119 86956736
993350023 768271191 949605956 232306877
652703470 379113595 832344837 992715916
5794514 822492229 802354637 242636652
229058092 17925437 457631824 167302438
547635756 720987015 776691579 943111191
12376503 856090888 44405874 585465838
82194194 905379699 697709672 974244528
37839757 785663707 909746695 623928354
20258741 605592687 630710671 588158179
322643040 898068302 551902375 836740925
635949242 221883265 446325736 404028990
677599933 364712819 761994525 659544483
559463620 923379493 989790905 975405244
868836856 527938492 869410753 970295277
443490208 21570955 507775019 349772623
512467160 221497137 366493425 938251915
717642745 818783731 549031588 916747356
378207580 372452207 574542105 529076200
811699039 543319981 90044027 207133842
303220177 195998614 553249331 263891016
70553487 886830009 970027935 469065988
44512705 874031133 866648029 165816182
299688227 160304679 446290150 92155308
576798512 829958916 592250999 307183857
749741716 405073066 190743852 878161079
789247686 32864956 321973836 882291871
878388729 239964136 694874375 88548562
356574592 176659436 796787255 686402356
132210623 235535839 776320677 407330140
249551612 444577805 452477006 519895489
2889521 728914814 60768685 622465205
389927638 825513976 691074167 884108817
189806702 970854882 950486131 727421833
121200091 333650183 277833806 895661056
560432698 598742834 685319725 625958561
737796838 798947928 750727403 378680357
481685139 296836138 77261981 278694369
945897536 974946254 455944414 601309944
216452720 186219962 690551593 377049813
80404306 280306652 563504582 501122806
162398044 777688690 394428950 900189301
281076579 400520834 122431787 627405792
363656363 667334211 351135729 608675822
614292707 60238910 949589947 86197594
152572181 100338093 890796213 570371657
230731616 908012884 469162743 350068589
5268479 379776769 856032636 623360193
55938622 2752321 83153402 796056125
407546281 782159068 985860483 954184472
161241286 648930219 260023937 507234882
365927375 900894552 764099259 321814604
991047505 372777797 728911379 386713991
920867515 779172919 183690156 844009449
350430232 655316313 641574773 190454351
910091704 930249797 955069356 885249104
889003397 324085406 868243536 354014142
490626273 898703272 485550049 732900617
836482416 119855939 361235827 552677896
656661826 543328972 338904333 398493980
839584361 512363858 396339303 598064767
26319212 199754780 553767996 874516729
239301272 426120999 987066885 224783800
784847195 850485407 161307921 209406487
644417689 580109982 466026140 876381772
308190729 299533935 753531325 56561090
606778796 295680009 498311525 924196222
347394457 643084842 151461985 332234950
191872754 790622518 726920039 522911000
35484825 104748233 374351098 674568669
138113201 359639978 69046609 249041060
846154868 376295835 617790450 584980722
589339017 965229978 448042384 85588356
804099289 715988553 394163673 847528550
207542971 837715520 190596539 467829731
977597408 742882474 176761520 873937248
132139839 899963633 64262322 663959924
83056340 902248623 186276149 793018590
724861184 205302832 596299456 377542173
169055312 274253515 842554516 532312063
155955439 232312233 163113621 253187046
570477795 495195822 878427801 662619089
520370808 116135042 835466388 950504579
425024934 278045613 640992336 935983092
733500132 783116697 913550501 487433563
211449847 268461473 778174270 881763906
351807598 196651747 778203457 338195424
785184513 356444891 969916679 990343901
263175020 261948823 898411076 147827438
983912642 762550082 951362333 935071512
717060621 122655828 594486579 39100867
118213975 988717440 83193403 72799715
693332509 918991382 371503955 885495506
775388962 548051758 584800065 769219848
466769095 430826540 523309093 696981443
894059604 217567964 91025091 676637087
419192441 688662009 882734631 33622406
11664199 677316769 455499990 715840615
920438696 395476627 686406299 482154269
760417949 416967392 771551929 648017051
205373301 863141332 525013251 129906758
688466738 622857297 559506358 185653358
880749820 724516160 719027051 865725330
525922434 834252428 807046329 760698423
704888498 257767332 322738534 216811425
648033099 165331400 624221245 843502751
671805317 686406945 910834683 836129550
283065495 23914702 264574868 493888205
286650419 995484263 414943070 743126086
26365047 52209258 607910056 472964800
86327828 955950529 440884660 812549919
551651950 78480834 698182376 597513846
575218228 386998188 192175569 96828578
994274515 400080564 655258881 183606652
174998626 934655589 581744673 336153161
994931912 66168737 126769341 530474796
583671894 875538778 566773673 786046194
434554541 932704330 922752175 841082037
236789099 92379912 192520305 766846884
74255078 106018563 349160357 140151379
170920625 61572867 919335106 160936753
949224859 91801142 481768864 860125682
107906162 463190348 71786868 144797143
276241123 766355143 994579806 856521252
750671024 59101536 867507677 276451301
510850702 951221984 445651547 607744168
340643526 894835387 612667206 122002416
611863769 434037739 791784197 295174484
804500295 456367595 94626352 471074512
216667364 651396087 898676996 288972497
216914968 909700716 310233963 778920682
788235388 175283315 200544057 70040851
939408840 267407314 876113219 893356920
