998 998
1 172364507 954206043 837662673 593120920
1 869598674 501492727 662143262 607634106
2 618980801 210402373 288328691 90690131
2 175955853 22370985 979193667 887770854
2 805894856 137760246 108852840 595976952
1 451491747 315663783 285946151 498529046
3
2 755895508 12050307 223859485 157775455
3
1 641268154 603884148 997855329 81760052
1 361671594 218217431 304301514 39239668
1 428499941 996371857 559950569 784936037
3
3
1 697403950 150072717 548549673 198565452
1 442581259 449270929 51318835 834454055
2 419741247 273804656 24823267 703839471
2 210599896 713393697 664499444 815548096
3
1 92213823 407124201 638737270 876921744
2 133145315 208526548 696275748 26111037
3
2 828593999 806343741 380798698 240226090
2 552600866 866819233 297798320 861837491
1 31996071 311703858 733752356 877493530
1 43937333 718419826 871643670 390153318
1 881178721 723593310 418929373 898358907
1 417365162 246032342 239599396 216186381
2 845193848 32420975 276286346 105606656
3
3
2 431415800 646951150 882951635 849264495
1 648640780 505485477 11373326 373089340
2 656671642 156451431 712920659 864474685
2 899127726 388994786 898544127 731314329
2 823736444 304086827 611343060 627569379
1 283717995 751211192 593079018 804393344
1 325631448 381476025 84639133 369121668
1 996317449 374226398 391218317 788127030
2 613389368 555758830 142723353 777157376
1 745832831 258125792 143219028 342723099
2 863205211 568165035 650390858 505393386
1 631562833 606888675 468948376 481623581
1 979156238 513904860 173053357 358475764
2 565456140 21012530 106188716 406846448
1 482199505 763080576 434642255 302650659
2 638109155 605337435 187047073 804564221
1 944976162 192876194 812296431 243164608
3
2 96858565 739373793 79921659 605234350
1 14364659 137469517 432525574 220141404
1 828427931 860498024 281338198 563854015
2 98678465 796552066 733140251 973107569
3
2 880651577 61034972 196025576 24128822
1 26749403 703449403 86666606 294817951
2 816935626 558958958 943925286 469743494
1 371284884 129780925 104276299 134582612
1 84632524 963652941 542991585 211766818
2 545669974 852817625 575121210 901735922
2 364323982 374507140 582143438 621030265
1 858032546 39575795 644023326 610392210
1 51450815 110591022 704836074 402572514
1 241651297 975518571 179115857 964741277
2 79270127 861036929 147707281 485739596
3
3
1 92311163 200978987 301099411 773119136
2 760318909 90711095 790055713 700020074
3
1 705720094 669186331 596173493 117286081
1 271447121 249045658 710936775 922865589
3
2 16655121 548292430 681367438 904240546
3
2 380464208 780588198 83264449 364839510
1 639946746 532325497 446049031 344607203
3
1 220909767 593803810 286128239 477231784
3
1 127540664 500146753 174644762 464288877
3
1 162193717 100666620 533077654 81804301
1 829596557 867754225 517130526 961254628
1 468091342 913094392 298265744 543195143
2 354044215 12328932 337183395 984741296
1 406438653 749838780 232850882 328744179
3
3
2 486210617 751454935 254450888 516805593
1 218660461 603793118 614552797 839394991
2 972127049 379783082 648430423 486318028
2 525983436 596770268 150898803 264248266
3
2 834956640 233677149 826416815 562166729
3
1 845798524 183412980 185655912 672728270
3
1 237865650 192891032 632913831 900515729
2 943654615 720374203 21738865 773460549
2 799246136 448802121 452856451 273114261
3
2 144995483 593515016 405770680 863912563
1 285794343 808495410 379625242 990569070
1 976713706 98997412 444906734 651821092
3
3
3
2 591423772 767997839 881494929 357958922
3
3
3
2 101111879 394157800 260244330 688565665
1 762501554 731206030 603855330 183336064
2 496417124 8392813 47737224 743993191
2 417159112 42127482 252777554 546777425
2 464343373 242571303 249584102 983068707
2 673387291 522429266 344847519 279281872
2 267888335 70422002 225067355 360694172
2 230325174 416697912 701203417 73213087
3
2 201885859 776379340 401921247 179019613
3
2 767076329 870770174 216209913 902806000
1 839668836 251636323 77774737 445718947
1 880540433 445902646 814804422 148984434
2 745177884 590742364 126941513 488938905
1 749946375 131987007 840509075 228053475
1 917767465 275741863 907369909 104287758
1 273773798 290066406 262350325 38302736
2 299574361 12113668 117761697 739381287
1 291764780 112835973 728519444 709230065
2 785290925 894946789 503714727 216227356
1 936052384 714555561 773713742 914801873
3
1 333386522 98878640 30003037 980283339
1 693638548 368550140 20434392 918767365
3
2 135135029 976494310 485178455 477704727
1 72390899 747759198 910013635 793346026
1 750246223 442346091 158833063 388743376
1 326795189 891412770 442148231 183338303
2 272064194 722313847 248380465 852245366
2 850071881 634500073 265534836 313646318
1 501454205 761287246 954479488 201963483
1 953781168 173265457 650917898 82793144
1 43740714 494674522 75944276 867317978
1 629744748 430635349 297303769 93793885
3
3
1 476280087 933260477 872422885 378008919
1 574105422 119060435 911332691 684470178
2 538085646 276442817 145415726 402582819
2 729101282 787613291 434562256 250965126
3
3
2 217392464 343432483 988876869 302775230
3
2 279908840 620142790 72483595 116803855
2 832550472 550121093 667647032 530249238
1 543816103 752388983 268465324 754390004
3
2 443251006 728809117 85369743 918693011
1 979388680 121212892 687191427 390718261
1 425587330 858951980 742606641 199427079
2 731622658 521987018 891731357 834963611
3
2 791810749 210881232 378877041 442138550
1 767865516 176073568 283543514 264238299
1 379517111 686642753 55044640 326705349
2 279008230 188799812 172641583 37751590
2 509175350 587668795 531811510 141489711
3
1 66599929 108106391 979837057 37505391
1 508046082 524834459 875030901 617980040
1 38167363 457301335 387962321 458200839
2 842429991 387242022 154481503 643260626
1 389671848 227039814 480175636 739829594
1 368614332 672386707 870196385 734579943
3
1 168088213 182527522 908023357 941401477
2 151591985 28797440 65578535 512006556
3
2 93162444 665785096 678446004 428802607
1 129486149 668792185 947434990 385728461
3
2 816380435 5984563 729009254 980781365
1 840885679 532886177 989468200 904060111
3
1 837858712 487382797 509759835 15181288
1 640049919 307660595 365863170 36742101
2 424027337 117933078 663855544 106789437
2 340541228 156145632 136563548 878834567
3
2 350129528 982518909 606854549 484643778
2 630671924 649312859 55079766 78177068
1 746916235 978545459 165210126 625104537
1 216104392 569524901 432052454 421594855
1 588068244 437214058 252179465 132005601
2 894323142 614314580 638650153 706721997
2 991451140 408199399 845460580 380226424
1 705685071 1319194 780689749 204677806
2 396051526 346751514 185224148 727130214
2 426222117 908156833 706196052 604900508
1 740551420 539158320 343858477 53841261
3
1 823945763 818389545 264376620 128295262
2 339457564 914526674 542441141 980941823
1 183147284 502120105 200839737 47829956
2 14909352 821686380 92606272 504266362
1 76369776 822570437 305499211 975421677
1 636340390 875710029 586137037 701510424
1 794451519 10891013 783723892 586230957
1 41183390 361488550 982677577 161028958
1 257599806 458023137 568068285 44807740
1 538679503 350910737 926560261 70460455
1 742513848 445112961 510753764 347539882
2 227638264 898654391 259391786 597939109
2 993427169 229248798 621907654 71718524
1 869904479 866658734 262921455 762181434
2 299700648 756066342 615943925 262711170
1 564415896 563418723 875833596 997407280
1 416966968 62062999 482225568 409645512
3
1 921634318 48949094 863435950 26641725
2 219863252 791593344 101326400 97474927
2 528889838 858059951 317536379 112923703
3
1 916821392 328641333 954661127 558317182
1 566090931 972335263 316537422 454771981
1 384088719 539517982 836820233 110806403
2 257449347 445084070 105922739 980879705
1 84022638 785017404 760555819 673516426
2 427090805 19560715 88596199 890419431
2 671743564 739358906 734608359 359594471
2 364117037 97796931 475830987 481790087
1 323507224 238992817 513671754 788228130
3
2 714463072 132235177 943805048 249374833
3
2 834660832 104334100 591509828 979574697
1 158055996 480841869 547447123 183204309
1 487585550 459370765 80085269 580907815
2 162701776 197209330 422156331 377304586
3
1 204240545 848934435 601730209 356647743
2 724759399 510757171 224060075 96440959
1 266668595 335996981 853421291 25052115
3
1 464048721 983896570 144464314 798969088
1 825084903 700303660 697416486 25111663
2 487499294 912002585 736572861 912767107
1 538406522 393685107 781262377 742174572
2 899653618 376667424 112604134 788970209
2 910786689 914554723 687363502 652495269
2 912245063 299189569 406440020 15187500
2 651456420 4640777 562117186 455971956
2 204660589 361632897 166337972 934555132
1 567621126 107421418 565026537 437778563
1 578960144 33052245 40464768 194177634
3
2 176837592 5871598 42189161 647022179
1 988840908 67809784 14577545 681704112
2 51283108 390089303 848568501 144913966
2 90998589 875163820 747075689 390684882
1 422769146 213915963 629641815 827655005
2 428656083 511775963 30021038 290343106
2 164246274 974282058 855117955 422669088
1 258781851 2237271 562737284 558379165
1 941513964 937421589 256811531 668625491
3
3
2 765432489 21715480 616741299 714719866
2 161996130 77478288 906159917 905765644
2 516971404 221382170 71312379 147219730
1 265458817 565782386 407080948 711389002
3
2 103626286 747115240 73971723 66445225
3
1 469999043 286846939 222126993 23423022
1 222025737 60943786 504292468 161407705
2 554540444 788262845 986319831 36307539
2 349095817 610834354 74369913 543749477
2 647211242 184329858 301342996 41892553
2 537468279 297474360 261484948 913681329
2 608140583 558966668 532469175 634151764
2 616322251 494922418 488741355 228206515
2 560206943 592575803 982720544 655546562
1 884548308 433280534 950343819 756034134
2 963797424 678287039 696195361 781804688
1 882004624 951045038 166456638 534457564
2 973736901 798397103 270658325 739522747
2 193549330 983148642 785969347 262630720
2 393406727 451320944 998021469 479464500
1 872880538 83846389 334531267 212064845
1 19408313 687902877 15552328 522859438
2 288363763 116859520 315651921 212155036
3
2 5323719 779810735 184967623 910045595
1 739524991 417516838 418385409 102170693
2 65898885 433013793 327418231 783364611
1 702216634 569637521 141958654 327368203
3
2 539519534 899399934 76556841 813330639
3
2 222588346 585959250 195899145 708138514
2 685488175 471511164 72290812 363745123
2 171355431 447217800 91919953 556939972
2 723507015 509506841 368436487 698921266
3
1 39576566 744160772 424791516 650252637
2 501167441 460284759 324122911 37166218
1 673595827 638084918 392620335 241820985
1 812003631 843757949 395510851 185139510
1 230540304 70078615 524151174 434964406
2 47527842 38712593 526094783 47347781
3
1 499517635 713278800 123898188 373803919
1 888391452 254818483 203298414 248600197
1 241311267 886812188 650454105 807274173
3
3
1 529235663 831204040 599601913 86903286
2 650690370 150829911 10872658 969959669
1 664809514 927172950 432793736 284906900
1 971529810 267486868 14818015 833389863
2 296790381 892402079 121758205 136043045
1 508490636 60132212 742842077 209189570
1 702060372 823552796 112480450 19460762
3
2 956662500 290677059 78685041 747329336
2 753231516 868839455 436101277 340671286
2 734379673 343092270 97556297 622914297
2 587819546 906773621 16489746 108239289
2 567974124 646993763 969891052 221283686
3
1 31006492 17409462 433309488 140091357
1 163801477 28645245 799462620 145852479
2 865377309 13561916 34488755 547658932
2 46250342 119179280 746773549 643611347
2 963135148 772444795 532947907 271041036
2 208509092 476712701 219570920 211382848
3
1 385213352 186625436 276882194 576454056
3
2 780246346 535872195 917650119 106579287
2 555490837 132596975 147582096 469325437
2 469591406 846420492 586549757 143269582
1 381326365 425366286 221828248 81740639
1 584088640 161479750 48681073 905990026
2 268480056 153824109 754906762 659461742
2 710273823 119845904 948742431 268748730
3
1 373283507 101226636 970974461 314437900
2 543502382 650046550 20638786 819454282
1 770638437 21879208 338128553 278741424
2 38910842 418114956 233211358 797353772
1 70432145 861489412 37842417 641371180
2 356296298 80534439 616790212 242462344
2 988318533 852761139 109296813 420348607
1 224032658 461584004 400538624 781055039
1 419991504 426696163 819243558 20931507
2 823758514 216519075 543012484 82021979
1 509866946 574312199 863727686 731474540
3
2 606021546 254287204 280446119 982316930
1 157030522 978242959 247397759 437746827
1 693576099 656499115 51741004 321192328
1 580628425 339950580 1194258 202033835
1 51108181 61271071 782056879 628051845
2 807746330 234756144 157204888 139620973
2 122150797 282960474 198792792 731071191
3
2 21471790 47955193 913002852 191618359
3
2 796168132 223192156 514177117 989791982
1 668070230 68816675 650599364 970545682
2 670029396 341543578 474735824 419896644
1 739843135 237236893 480412957 277344157
2 117996118 924821195 995669974 965021447
3
2 680410579 472151440 97900063 562781690
2 947500579 417844895 847072037 264430635
2 101082991 680546177 172853238 747358218
1 756224331 550822613 179657627 10177833
2 599094246 769095642 457214354 60402266
1 636969436 950680128 245269385 56549862
2 146376601 425725373 57874620 212653595
2 827296839 271146273 715986131 541298597
2 413146989 969711975 658364521 687147991
3
2 626594863 357747207 499330221 738283239
3
1 387553593 934270287 299751650 231286963
2 330912039 167132075 496529995 625145360
2 229632405 206548940 949302077 234682430
2 700768387 138751987 834549146 66713123
2 638615294 753740938 598112966 787165615
2 413140389 818094101 256889760 321570048
2 88984954 324762784 312152990 226423081
1 415446678 624145411 628132207 578261226
1 809613164 536011680 634202065 21536084
1 291035415 970172231 284602258 219061459
2 691880261 174668803 266900146 180606280
2 288498299 233855131 697152292 539252002
2 21713371 59812874 914603245 175086048
1 153723397 23472458 409041710 775415773
3
1 167008854 45755970 170254437 840706393
1 740555099 488285010 773107960 15128183
1 111853870 444455479 819544363 917115668
2 379423416 483623776 168299322 885649740
2 91888545 769970281 964532344 735094296
1 854939230 480421790 509877223 21528386
3
3
3
1 137990975 526916997 923071007 753449267
1 197336421 244071811 511456268 557659335
2 819165453 166891722 710313559 419982219
2 258512328 707836899 133934481 699442529
1 755523074 293419803 328241081 471259239
3
2 401782083 568987183 438662469 432433913
2 703187944 9523134 493946875 255555144
1 376856235 43759765 591791936 227068357
1 78885415 218933170 623346070 433904119
1 861306846 186944610 916172982 821103525
3
3
1 856361054 45348820 856994221 420439033
1 716356215 495867448 835071337 685311461
1 629443688 612196011 751714818 801108837
3
1 365961228 248096177 409077560 361473853
1 412408118 81552838 516982902 538153992
3
1 245192598 113889202 355412885 285425229
1 229424453 422334252 269412362 711635397
2 498788537 789070293 254897735 410135796
2 618420236 517937673 209835994 735001838
3
2 76330682 161030196 880280356 518463590
1 766262003 465554741 510062929 852237101
1 119998455 857249334 185585095 618160340
2 91266726 808845596 313377746 233043843
1 883370158 682376491 83974288 804289971
2 891590040 377098966 86480663 327408556
3
2 737475230 544606085 756481930 566434408
2 931473828 640619108 741348771 570193882
1 685961553 39992526 702287314 857839034
2 609236739 841457212 402112024 146443074
2 120654883 14253654 829707016 757248132
3
2 884222436 671970539 845992602 532270366
2 825569957 7741546 212882363 518750877
1 94879731 449753418 427276723 707025829
2 227328845 343428389 387378751 513738670
3
1 297215121 163325468 5696760 591749896
3
1 561565649 987621394 861347514 127124355
1 93378051 807756527 492787295 289534884
1 848364378 561708752 993943068 517742542
2 933268031 214107385 246677800 291673421
3
2 169483648 139554312 355445241 774243159
3
3
1 657143206 699329340 789121757 889319428
2 169862487 357160245 445591598 568823206
3
2 914492857 199509433 265240878 484042023
1 95357387 351386637 445430797 963969699
2 919050426 181161812 681106378 773178947
3
3
2 541471870 841903540 949761591 489613118
2 219286077 596152289 987100244 42297899
1 819819161 226393159 724440590 358951480
2 923936817 38646206 281684136 428355565
2 169444050 334636656 77035276 116408914
1 956734593 239548823 627362013 470941419
2 602678339 394030046 596445299 228980494
2 855898641 303931336 530999899 332779749
1 494008353 292785571 869825746 529013778
2 99706509 343204940 980982121 401089815
3
2 140224367 805996109 78259667 901971528
3
1 153479955 893684684 256612681 944103220
1 686983242 665255441 373013262 806873463
1 794066866 207708269 726940900 17596636
1 523524649 691151255 489140196 650085533
1 158132248 50862268 605776224 433254214
3
3
2 321898804 775455414 244462340 211126899
2 548107574 44272569 310648394 162419094
1 781178333 539311825 600179992 922212092
2 723098210 574466464 172875907 340917133
2 4978786 773577845 238744359 816131579
3
2 444326185 763835304 259417963 290646590
2 886469109 591504078 358809801 784098902
3
1 226953283 125225585 566292826 269065440
1 557613136 39728936 6893647 852594678
1 514422870 768690358 603149391 964593669
3
1 526022253 291677574 809296396 483049840
1 688258992 281182734 649123216 542833656
3
3
3
2 422296301 427589080 912171077 502255550
2 513971045 606640693 246739578 364965010
1 924340321 505885786 219886698 146785356
1 893014910 259461034 596023985 270844847
2 470515128 52896783 611141804 743332427
1 987766881 253733534 146130143 718203405
1 69726456 809171724 355721077 419688831
1 611093276 612680741 156446616 344222155
1 220821897 753933189 23954189 198389921
1 831555587 788209740 908975645 146695396
1 44961478 923549847 67744288 189246938
2 70149416 43642569 357104245 187799339
1 80675333 424701559 391343502 24002984
1 381243778 152706844 136053105 833126836
3
3
1 657684911 644908146 985633472 681709523
1 802003349 900975095 835297910 66108399
3
1 506880655 503817868 295765838 355456922
1 613733602 496880219 369883231 507896334
3
3
2 708271232 379466758 115142241 83034546
1 70441884 497221810 187011561 696287749
3
2 786227480 458573363 52664144 754627284
1 804784387 962981308 56658243 74556520
2 794936110 908527686 75769664 489723786
1 746338567 324179596 110938469 468452218
1 293060066 419541405 243692512 380138863
2 634642285 940858981 909659303 802939965
2 779087478 19886291 780269746 137911779
2 34228060 465381456 422003738 620148184
2 142297600 60785040 142522410 573858066
1 844159046 925973628 881207 16416559
1 290561689 98718057 907532639 750811975
2 407363264 865198378 263592450 403204290
1 165372810 307739423 546473136 179795492
2 44764678 598331084 150179892 190223611
3
1 159541182 668296341 902982760 848301878
2 993741122 488425971 178559261 886572804
2 786835605 747471458 385451811 471417190
2 541434108 56214505 331016157 856594077
1 932968721 428516587 610280761 984716746
3
2 144193284 767254012 142780118 42857711
1 357723320 142289640 471632932 664833407
2 628485213 439614273 75196810 742047028
2 954145673 279119379 476395529 604931628
1 85332615 363170642 98158089 454578541
2 723923229 442019831 351021658 449093955
1 980222402 102292907 720243973 551723396
2 384955769 217010007 936616837 891122636
1 711727082 612397171 134975425 990197130
2 229659840 957026336 510331060 574916020
1 261316713 63283948 946358077 450370088
2 389902165 796015553 279447152 165058527
2 722589002 25913474 188246530 177789888
2 904944295 371471840 24966466 506270675
2 974791088 389568030 225075029 111965294
1 183536117 482614114 32189079 508761518
1 249219285 994072904 956808854 241738468
1 837430858 663882367 966890413 509161743
1 510172249 901307556 171189596 867976339
2 477731932 599214366 957048278 162432138
1 148023907 884887459 121117304 22615087
2 177341928 320178291 126894465 649627709
1 367470187 771737812 128069695 210522293
2 562548534 954047165 598579386 276977416
3
2 226093215 280063433 964610421 639532442
1 956815880 394031152 52449497 210991821
1 964183395 600813546 713828925 551302102
1 230863670 393227297 290823579 372892474
2 179731843 738320187 477395279 31740650
3
3
2 608309137 727322438 927179571 37774586
2 798368033 653875665 39320998 218080250
3
1 905484710 327389406 486701220 91148389
2 637065415 667433714 569707432 883501375
1 208715942 187410832 415318143 686214268
3
1 118839587 80892771 172086238 825233725
2 128619352 883476877 963307957 28422420
2 153543065 961057433 369504766 421584763
3
1 414508801 606381707 606092402 669829570
1 874221590 477785652 239466004 513780315
1 291479082 801828136 231974041 417581926
2 819901035 438235439 898085226 4887293
1 431629374 448469006 481134466 241029451
2 717664339 528677586 536930897 421742459
2 251244055 192936490 160764415 197091317
1 284252448 472272259 103663875 793970468
1 296114131 872117862 866030794 384655560
2 635765767 339807854 38883099 300543969
3
2 182362212 351381921 187345745 288262714
1 215895356 297104975 678129722 143497401
3
3
1 949470403 364594827 867008863 954377032
2 800982682 939613506 73548101 588620331
1 492093278 570981446 686044128 158183276
1 945677896 134045594 632371783 772870584
2 48164313 27089134 994974437 172861628
1 70835157 268269791 651772254 916976760
1 7653418 936934891 331239202 972906476
2 927657768 778086362 784469925 701254955
3
1 37912371 2163290 440238998 461969501
1 392756415 664587853 264123328 716887805
2 305176175 81623747 8280865 157850000
1 907631600 758183784 609916807 723713756
3
2 297364424 162575212 797597199 754659120
1 346436946 198913780 56115160 318181685
1 310711824 951470939 406470194 456387990
1 84634253 886161500 176356837 614204670
2 485436037 345391828 225496376 688585121
3
2 558325825 292915379 352758361 793655648
1 154728485 328308773 184041222 382491580
1 867236326 564303779 461532129 398845063
2 260642174 410771077 148267178 209819407
1 303423090 345171000 127803731 300964847
1 60071822 418699326 812684314 487391781
3
1 464896170 927532774 1791221 284896636
2 785834911 967281573 132018711 704227342
2 348957088 368305342 938953116 225139431
1 136455045 394526611 644281709 985518476
3
1 212718307 302090172 828689360 663128703
3
2 836304562 590608736 87963686 972576700
1 836665429 351701182 427667127 713302038
2 99851748 580534778 241262813 412203595
1 512920066 80845743 200403206 873311843
2 662976263 398176398 596970952 819450655
3
1 286062051 738159659 625216167 565234285
1 118601762 848153958 57116533 905168829
3
2 318770585 579398147 180036136 289409563
2 378755730 305488299 948945364 923306752
1 597041452 468995771 156535539 527476104
1 561994907 26273081 474130990 972047992
1 899592960 77440328 350610647 204177427
1 366041960 284707079 251823123 707492988
2 902968613 138908179 104564628 427216264
2 536916626 475633808 735023384 959757991
2 346382110 873523638 370604491 455015100
1 413947602 932672882 548060030 640996063
1 120688942 249507671 68000397 590121272
1 888677596 69618614 708756481 137157036
2 311339245 268635054 202601680 423458777
3
2 319302820 36465420 685510127 78832625
1 369956388 922826415 233571254 27564574
2 150564507 578848749 468220603 162293402
2 252696765 412585547 107106485 36663270
2 392989778 78345085 714415431 320935014
2 907985169 127498271 262253805 275705654
2 787011358 897091909 73357131 781057675
1 495806281 94762569 772124000 524444311
3
2 993566768 348001305 184518060 5330574
3
2 465543779 205391692 281149178 13373705
2 545363682 413989309 606926085 118314091
2 356940902 408678258 232325979 61345433
2 356750889 878412117 747186578 967917437
3
1 242831459 479144790 190127146 708909725
2 864077907 159309661 477047099 130956751
2 86716640 308749696 378913299 121924431
1 408195602 582969855 642713203 364174021
1 150417895 472950900 932031776 294260904
3
2 16621319 313347935 372079773 914791225
1 154302219 179458295 85692612 498448789
2 423756153 888009268 782900841 901414397
2 521844251 95020703 472169400 14584957
1 746731515 697993818 504834140 303157697
3
1 418257048 720570211 663397826 955660930
2 68102458 552533891 533565299 588698940
2 215773845 607632038 28729248 311395967
1 408320289 612852742 794805680 238706648
3
2 530373599 683611441 704691228 943585093
1 68797767 117122746 983267570 533468015
1 197600964 472031454 6376181 430915547
1 765423185 933871425 246182045 457411626
2 132318221 854502681 393917394 244582490
1 243348375 712830261 194927783 458651411
1 398400189 445365606 27380512 572000921
1 204163293 103030372 116146808 198690012
2 221699034 392917736 592346700 984512691
2 952974818 470706957 281015425 541619881
3
2 104374146 725380450 208355841 482317709
1 929717665 418684280 155209322 885766983
2 85780472 95506527 607549647 47062463
1 152233507 865836199 451350054 418465738
1 825375728 341843157 544197845 898448805
1 226874256 230054892 904532808 282713725
2 883393903 153766297 147398721 80491228
1 95608273 377765567 77001330 546971199
3
2 141887571 24066699 236320235 517674396
1 943009377 986400461 473182679 541436175
2 477287756 459479610 195597088 138327471
2 928225632 738451290 93972306 433954703
1 132732195 779110934 973556812 506847420
2 165431160 112875340 768181041 122835472
2 491496665 123184271 186066093 310327555
1 518298702 200295084 746910127 153554948
1 727472706 278038596 356747919 688147571
1 335439055 881786801 198016767 658546297
2 330843721 431251027 3576114 54974316
2 258656299 973918547 145485790 225181701
2 785895402 799098605 357572043 124264261
1 321102864 196298037 88617212 267843086
1 669937995 350590126 99167628 369767767
1 111639381 258549872 488259247 970953867
3
1 981627683 249277949 157002221 243157587
1 959108151 256220876 468599630 307376475
1 88814425 502997239 181598617 241568142
1 123513405 223675274 298012959 447665154
1 692019058 208443767 829654880 197518704
3
1 391871276 640621922 41446757 698691829
3
3
3
1 311756138 238208892 465762582 596932
3
1 571405323 376253842 415040579 880690650
1 605054786 948014214 926636982 286318543
3
1 631475121 194268951 710578349 997801496
3
3
2 815293196 205219733 625808654 401128999
1 305896293 755796521 360294123 970011735
1 303290744 944027506 147954890 132978285
1 286729470 141416967 705092853 566729788
2 967671297 535943750 571638733 444376029
2 344668468 957062545 105311661 311645259
3
1 397558822 228468880 349458982 914979014
3
1 22584717 330538601 80025397 2853715
1 409831993 63234061 788124060 104683689
1 233011442 280245125 505240189 330293305
1 581780788 224556825 547682374 749285819
1 924724169 440096744 158437869 878446563
2 800677537 980494920 267980981 111147596
2 801731347 107885117 807488481 206304088
1 66635473 42675186 975089551 442984382
2 281668132 614731764 355382786 27564724
1 880627215 145694849 805246249 65630470
1 201846109 179003047 291481980 277308173
3
3
1 33370353 636005299 405505647 858307427
1 495248454 84594019 309873755 596589410
3
2 510999719 942904500 315755610 610791723
3
1 142033316 937608398 701975030 373126470
2 784306668 14609200 642222497 63622370
1 539640432 962375504 634574702 101772701
2 340611294 133195547 814095916 893458142
2 916315379 932869667 894883262 916270103
3
1 985184442 328885231 920770933 902003664
3
1 488968699 76522340 939777198 267316545
2 191128386 484225841 245816060 192848451
3
3
1 886648281 553612956 558756874 165766530
1 963282626 343633314 985126181 433465421
2 930047475 19399791 550836143 942289628
1 310818131 224808721 617357002 930102320
2 31344270 287796269 475020076 706866071
1 405174844 755880391 199872588 651491081
2 252811427 339190764 279525502 714300643
2 671075206 778208122 950719329 9325821
2 274784354 396289877 295092261 322465529
1 752375366 137636755 125719924 145909061
3
2 321263021 22352601 840791313 276639300
1 933713753 873589133 786781899 602841692
1 457009236 635101607 71829604 994350940
1 732096579 396593978 973841908 698697717
3
1 110687394 183450964 762665193 134927919
2 708960079 623937958 186214634 147593976
2 351619139 516508756 713016373 111268279
2 300640476 399741842 992288319 693566034
3
1 130021842 89878749 650350690 819637098
2 351404431 654262368 122466578 275680963
1 921201558 792951623 969518362 226680929
1 52596775 67161878 41406249 758710359
1 681496995 253032377 6645166 748952759
1 902449087 598669649 289373289 207881023
3
3
2 631499640 447340365 389302227 288553269
3
1 45627215 975162437 844825227 725614797
3
3
1 56665385 735822349 876660376 595813409
2 571624643 121133513 292295859 466847471
2 521026972 23994729 63060684 995252371
2 918830955 508879658 740617832 822701146
1 504372200 68299875 112340523 174593525
2 345735009 676887035 777557383 975790414
1 517925490 178856841 154287598 260311021
3
3
1 879787193 994087107 47247155 297335701
2 234342820 440826229 453975097 675131900
1 64631443 772284013 6089252 105721768
3
1 303799968 224969205 776559617 903107712
1 169887893 313239914 557533293 268976829
1 163265467 835471312 580048898 275944954
1 621942647 250855272 8471786 242783649
1 340974356 310937320 191638429 415767329
2 220035943 468935090 633591155 437856384
1 758037226 672847554 183044289 241914986
2 473264057 962269573 125860774 654395260
1 863404647 493170737 678110927 135890331
1 637563190 371412793 140069144 846572878
1 986229458 897217196 66232066 379845268
1 117229268 802602620 578553106 217987610
2 9653046 359107412 136079199 652889212
3
2 846024580 934018456 220780624 737053379
2 232149614 663223328 316610877 275953524
2 547805373 743738968 204396119 544263251
1 146316284 707129234 961327979 257980275
3
1 85983464 569498895 719201055 825487671
1 913402546 227338063 708264703 249274394
2 280166224 834924047 851943040 90907965
2 221535724 287470403 522646196 450077974
3
1 606761019 836240607 19998540 99876555
3
2 288953953 439014008 702367530 135063461
1 47875063 641010964 340306432 721885920
1 492655212 430050015 676507368 988914425
2 759547238 115123156 734378057 471025301
3
3
3
2 708689211 684219925 116551322 707618707
1 433716796 265088713 474439559 756307919
1 513397387 730140849 60768265 11514340
1 323711666 536653959 407325320 875448029
2 905998245 360778796 813897477 628466972
2 700200365 708736183 708456774 861405241
1 220827561 16653740 779785532 391464808
1 300082466 298775405 598834725 610643311
3
2 363052286 639732212 207194949 104055002
1 929858687 636270529 779798001 618912719
1 152129655 942721141 617050373 605571272
1 708574213 137884982 595984924 749689689
2 520548522 751740814 392458171 100326628
2 153116242 278553500 149242367 72120722
3
3
3
2 219814045 530236582 163781829 448168915
2 354345400 318493475 887644082 713913616
2 223585273 733770379 503323813 566834751
3
3
2 84659853 379095714 204488252 782851452
3
2 743714967 116482508 868911075 44882861
1 45239338 159097635 663067160 472040455
1 312529083 522312813 277956156 297442485
2 223957176 141433275 407836670 454900165
2 451478258 650600186 161056080 922814338
2 301251981 785694716 123425057 219966547
2 123684080 547045274 399906451 711104601
3
2 903574669 776056311 581525283 56805797
1 494072956 910204346 944274197 41168040
2 451742595 754769838 994078171 435941706
1 127123749 681473717 740484157 846717765
3
2 278957123 396124516 168421917 844857013
1 140768656 503082649 314223112 325977004
2 388385092 288329107 19839009 528872023
2 169913549 798588853 64542364 964093855
2 727808471 900411218 811729916 734809092
1 624270083 46879051 951071033 105887357
2 816013739 509915944 191447240 762301009
1 796633969 708545487 156304823 383912211
3
3
1 178948074 290020089 818961128 637576646
3
1 183003242 606578548 696430131 517931373
1 853958930 62603129 298606538 119198739
3
2 827758021 3359455 87198651 717852428
2 127665998 677161779 771456102 539782330
1 248579227 299586087 551141449 253009085
3
3
3
2 262183093 182489947 481419944 100115445
3
3
1 784251224 249125709 128872867 606788664
1 16833416 601564119 741507680 799186405
1 459912477 205405901 130519125 272111943
2 292875667 961962065 46175178 982840894
1 931086798 875939856 297517674 307047780
1 361544294 960474354 980155161 430954240
1 337114795 394670303 766207669 955635936
3
2 238587544 95161069 316728743 604342933
3
1 983561818 523355468 985993527 197124068
1 347496670 124971082 17036596 235975316
2 360573581 90795700 325608794 315088911
1 510280779 644187434 823896672 244507563
1 397162743 783866318 839720434 681319329
2 138643876 977726070 988939390 440900150
1 30621338 25056324 385641737 570690998
1 214950336 969234075 182079059 812346442
2 864294368 971899894 541340523 35004196
2 503832350 6033709 98619945 566562012
1 73916362 394670700 611121918 824183628
3
2 408786853 684517788 237587924 370432806
3
3
3
1 497585102 72455024 494369444 843404449
3
2 852358114 82518639 367284924 721625527
1 565984938 852447375 209862355 602112526
3
2 123656884 513605138 308756464 41476404
2 739622737 583030619 824782855 29612627
2 442770390 607282628 45650619 721926352
3
1 227112284 509514862 662636792 400652514
1 273649276 398228886 735041255 883077341
1 455278195 880532976 604025841 18831191
2 265710274 73242073 722371809 263728991
1 918994461 832148894 385488417 100593958
3
2 42168929 32352008 492949383 655574758
1 276098641 95405283 702436638 731392277
1 412632618 59622486 445767372 764088280
1 729860097 242440670 930186021 248143961
1 255495416 614140763 289961749 868676584
2 13180683 789823145 221982005 269411760
3
2 288398293 245689933 251572264 220295147
2 971673286 282793256 479625346 477959691
1 167785124 134190625 926618570 57164984
1 448 1 627577027 259456091 811080877 719300473
1 646 2 21665598 6733817 993563499 494955626
2 785 809
2 303 364
1 66 2 854278424 106887548 93939096 408986300
2 222 644
1 720 2 972473818 814358370 169846676 290435706
2 860 867
2 335 357
1 334 3
2 332 830
2 837 949
1 524 2 425917732 64641187 943871357 723213115
2 213 226
2 734 831
2 273 975
2 764 830
2 180 945
1 271 2 844043643 306546896 66838252 720407165
2 33 795
1 942 1 14863040 172131522 919322150 731130195
1 199 2 661341339 974881619 609410285 688217337
2 309 537
2 630 790
2 197 956
1 933 1 299010893 778733572 733596364 140556569
2 686 867
2 81 280
1 669 1 574989409 801302036 525223221 631164121
1 852 1 91962921 423337030 489729454 14317939
2 413 882
2 181 715
2 38 61
2 132 752
2 413 634
2 461 640
2 32 598
2 462 814
1 489 2 825157933 702721150 563454184 913828692
1 917 3
2 202 818
1 335 3
1 846 3
2 779 804
1 996 1 8687720 58833117 990178077 26433606
2 424 840
2 421 759
1 307 3
2 270 385
2 548 749
2 190 670
1 644 2 377108667 837787413 47969455 331723520
1 306 1 391965738 686138079 160596727 301570816
2 598 994
1 420 1 912371037 174233357 174578987 625900437
2 73 361
1 263 2 763334517 435739224 198287621 57662752
2 655 747
1 313 2 933911296 165124148 538636457 584707735
2 86 725
2 743 800
1 283 1 626210493 656736943 876906303 46489385
1 182 2 864552244 726475582 928854849 278054297
2 47 269
1 973 2 292306551 10944764 930595365 36047843
1 764 2 485984127 11530979 135669900 506292199
1 2 2 582092127 918584776 266668092 750127755
1 810 1 378598106 181497864 539313110 788663096
2 232 551
1 151 1 970227043 401839521 713218473 287508907
2 31 187
2 190 461
2 269 288
2 814 853
2 674 745
1 127 2 560746573 766723312 791618856 886204719
2 386 519
1 160 1 55495698 716126385 226906877 649944721
2 474 793
2 376 831
2 95 597
2 190 204
1 64 2 887297169 12015245 557065873 928032887
1 865 3
1 25 3
2 504 778
1 679 3
2 219 924
2 272 731
1 503 3
2 508 618
1 421 2 145217573 639803964 839094754 89990158
1 769 3
2 80 707
1 583 1 379355437 986240665 739908703 968711058
1 400 1 730408546 672265497 64454643 445346449
1 181 2 378760400 850915039 888447337 669690886
1 419 3
1 533 1 392260753 692492485 209516057 914544263
2 231 487
2 461 568
1 428 2 443612544 929591921 185069462 590582911
2 267 984
1 721 2 61338482 74636266 934329576 108135717
2 641 686
1 608 1 325897087 874088883 954341058 562491710
1 200 2 883453587 95004307 217973148 606526886
2 619 861
2 329 662
1 356 1 569532118 329224399 233597355 376607870
1 18 1 300755616 845576557 117245406 980878592
2 43 683
1 678 2 718171004 681184619 438936919 586683694
2 106 589
2 796 992
2 52 888
2 201 795
2 390 627
2 506 765
1 82 1 769011934 652431365 290523233 38423814
2 227 633
1 757 1 345616448 499405625 315560091 7314047
2 634 655
2 518 947
2 99 556
1 464 3
2 574 816
1 185 3
1 609 2 649112369 599068276 75090772 578293684
1 664 3
1 375 1 451080475 25406098 142602737 348077047
1 879 1 490268927 922676835 270654726 746774219
1 937 1 468299650 108373394 516110470 939492177
2 227 540
2 1 746
2 547 646
1 249 1 114129547 88738504 243287400 427215070
2 5 239
1 293 1 139866506 306026268 3754026 179355434
1 884 2 451952382 333283153 733073239 631514708
1 670 2 473317210 798273258 857898192 802938064
2 413 430
2 166 171
2 578 749
1 458 3
1 149 1 802133945 88947753 805645112 256915412
1 38 3
1 573 1 44552654 151762066 828812582 164847221
1 814 1 47432827 651859129 969352985 152862990
2 558 633
1 511 2 378344257 770452737 843360999 463945340
2 389 405
1 482 1 538830629 15660878 114816345 808863964
1 473 2 128533306 300350639 836864080 90073691
2 825 922
1 802 2 851811126 505477041 600951636 19260169
2 303 325
2 412 591
1 523 2 91211432 475824151 471828859 502154907
2 366 654
2 385 454
1 17 3
2 482 996
1 265 2 328767051 38299588 586550876 77747960
1 158 2 525579116 10021993 198878538 268139149
1 682 2 915266999 320947090 787676661 238802679
1 264 2 906148745 883219101 575764482 547157040
1 921 1 957461360 198515528 424945524 16754022
1 310 3
2 146 726
1 848 2 657437668 715790000 570876399 628637283
2 389 446
2 699 935
2 24 261
1 867 2 816256350 368845101 51848835 39776265
2 135 208
1 911 1 375639830 610033554 320981301 813431423
2 527 724
1 169 1 575166736 309880018 991739748 604783445
2 582 886
2 118 268
2 475 970
1 13 2 580856801 215770859 855382752 868573737
2 369 640
2 772 919
2 85 588
1 105 2 281423996 412012985 47617610 508816844
1 54 3
2 268 817
2 642 743
2 249 609
1 784 1 782980913 631070510 57892163 4561402
1 3 1 179677068 311923282 928499552 168347648
2 770 916
2 806 888
2 733 860
2 701 784
2 348 900
1 992 3
2 231 880
2 464 550
2 177 807
2 733 783
2 301 774
1 447 3
1 813 2 980688389 137801703 392144251 465119910
1 182 1 100050186 657903847 811102928 716287486
1 593 1 814657407 19229204 829388445 525926246
2 221 913
2 943 948
1 377 2 223991049 813958519 601021390 401789686
2 111 864
1 880 2 939002986 957919268 602530717 647291859
1 375 1 161236958 470317632 984203410 762201570
2 646 736
2 381 893
2 679 860
2 133 947
1 815 1 887603465 461572270 406544374 210878495
2 437 706
1 263 1 173456031 16611727 818131627 315227191
2 562 665
2 73 683
1 158 1 26621814 736038306 822362474 55883734
2 25 424
2 246 431
2 43 622
1 211 2 950311207 776262088 677554616 93693132
1 441 2 842350601 568108405 946814466 620636704
1 110 2 859765433 633580494 644422741 970038517
2 329 817
2 188 410
1 201 2 11858259 307639744 986325159 579574830
1 232 3
2 388 645
1 421 2 126131686 287180441 804205142 532321951
1 266 1 612944934 155240315 989892655 228964074
1 391 2 37011592 178514942 942413159 842764966
2 207 770
1 919 1 89082334 239708245 620355343 619227002
2 146 956
1 223 2 217809844 339592287 154483982 335352913
2 966 981
1 439 3
2 284 779
1 159 1 939408840 267407314 876113219 893356920
1 139 1 298397140 557598227 651789784 133267151
1 548 2 803027341 736960665 822137883 928597765
2 194 563
1 943 1 490818413 521359457 220038348 151716111
1 506 1 286735063 216276475 902205100 413658776
2 346 609
2 462 586
2 401 769
2 222 966
1 854 1 118569229 947283550 402983791 191134546
1 371 3
2 616 651
1 768 1 233996994 568513272 552181078 364797332
2 64 627
2 467 488
1 793 1 781539896 759831593 137949014 598019541
1 690 1 862859696 476116608 589468410 144959333
2 662 953
2 334 489
1 118 3
1 766 1 696531501 163621800 743112797 73232974
1 146 3
1 946 3
2 86 640
2 144 507
2 319 438
1 466 3
1 321 3
1 726 2 580975721 782449274 862184618 768261222
1 254 1 94435398 717610544 620139152 855386084
1 783 3
1 126 1 214986140 179725713 980731912 268204932
2 233 495
2 106 205
1 810 3
1 317 2 847080966 116775668 645978933 471927530
2 190 772
1 148 2 983310422 722397731 796483802 575717266
1 768 2 891425355 72437460 51378010 478823476
2 524 728
2 112 620
2 837 973
1 138 2 744217010 37145103 855397596 716225747
1 117 1 987925769 960712889 33794861 222851532
2 263 673
1 149 2 628660742 264732459 746736680 833153491
1 99 3
1 232 1 118380403 394245412 776417119 226264106
2 697 832
2 138 838
1 65 2 74248120 777597223 35031517 19395053
2 64 303
2 846 863
1 205 1 900823213 266156308 385766656 766661761
1 744 2 257180991 185568113 992372279 870555016
1 902 2 158824061 742501085 881474980 503861063
1 224 2 853340362 375345738 974803825 841206268
2 787 909
2 222 667
2 568 868
1 813 1 969620914 336369909 28276299 389441998
2 423 883
2 566 974
2 588 830
1 487 1 90792698 551386928 690639276 812596087
2 424 560
2 569 930
1 257 2 48401641 176258954 371293824 998156174
2 508 747
2 145 281
2 41 687
1 60 3
2 537 890
2 97 499
1 55 2 532276825 988138940 103015636 659974819
1 991 1 723125941 175143978 370212662 305346749
2 28 514
1 350 1 20832557 591847541 261772511 713144568
2 416 899
1 401 2 882524075 222131223 44472733 77619264
1 501 1 356184933 626019524 227795419 539642146
1 43 2 944202029 615998369 706254244 370248982
1 238 3
1 523 1 586820137 164274069 70287820 119188772
1 52 2 403276386 458307531 883279144 907032461
1 944 1 258424033 927777389 161803645 319264655
1 692 1 651448592 42834989 430358363 387052377
2 617 954
1 933 1 446746545 143963719 881061651 398700076
2 3 898
2 853 956
1 280 1 579796358 187528870 150885465 296004639
1 301 2 643875747 661909998 831250425 752156492
2 897 961
1 766 1 550173518 285920013 636971376 427659589
1 608 1 317887364 212031552 556610272 551479683
1 603 2 225245879 762352935 933380799 56334970
2 601 636
2 164 173
2 75 623
2 98 830
1 976 1 753988579 746897050 362431361 533186049
1 648 1 562484499 581884155 353256546 730988748
1 333 2 68369095 182800463 95420153 56193278
2 167 255
2 542 629
2 148 944
1 508 1 814178019 205608391 473864128 744538025
1 784 3
1 88 2 607244210 88618276 801413375 294009808
1 840 2 661617883 554288687 6757212 200002412
1 326 1 756151384 36821193 803011444 25553742
1 734 2 413956486 85601796 944101083 680458355
2 415 809
1 637 3
1 97 2 85479072 255755616 442452383 308577976
1 191 3
1 14 3
2 668 702
2 341 972
1 312 2 823457702 483200106 893547929 81254690
2 502 683
2 924 944
1 455 2 354569408 128401935 776406034 114899302
1 187 1 167077045 654342286 93586062 496721084
1 354 2 290301455 716845602 875164997 185251559
2 427 976
1 595 1 970247859 10383014 215295184 112904396
1 847 2 800343242 175272908 217819961 522414234
2 778 917
2 247 917
2 271 667
1 592 2 52233578 56848088 752443156 176059819
2 257 267
1 428 1 599428937 957817586 393632168 801469612
1 278 2 181481787 928937038 781865211 120232295
2 207 787
2 84 177
1 852 1 825889206 538929621 160040746 182247001
2 133 443
1 253 3
2 252 964
1 930 3
1 340 2 60553032 777611247 827528789 905689767
1 921 1 290644585 822721294 231078155 299103101
2 664 856
2 120 884
1 967 1 935560652 477046009 116887804 458350029
1 177 1 649709485 768685077 349514452 423077966
1 460 1 140993940 566693884 4205175 133143320
1 310 2 13677247 630358167 75420735 116344123
2 134 285
1 571 1 63471784 689377169 173610263 261683534
2 305 364
1 980 1 543070962 262907399 744612446 63247465
2 100 146
2 371 552
2 455 610
2 162 668
2 8 146
1 697 1 301513913 127661174 750646439 424644115
2 339 913
2 229 868
2 801 832
2 133 628
2 307 339
2 311 941
1 660 2 691827705 18077261 170562415 587332218
1 262 1 45302713 991949080 383380977 587551110
2 350 352
1 718 2 589063797 252463487 813192569 265669683
1 921 2 66796472 236586230 452789090 342394715
1 511 2 899906769 534512931 987742377 96440080
1 317 2 283502498 475919115 968865514 868378414
1 133 3
1 870 3
2 183 408
2 117 900
1 128 2 37955181 982718690 400720104 768195019
2 213 633
1 680 2 941548989 485879471 972941421 600254915
1 854 1 182070679 237017757 227095338 61007257
1 424 2 905996853 554808364 134209991 663409516
2 502 873
1 386 1 692770313 560634610 989591048 961354671
2 253 375
1 408 2 892359781 645703923 288076741 861696043
1 728 1 134073971 802559639 769222461 811973712
2 246 472
2 164 495
2 881 914
2 464 568
1 565 3
1 985 1 664919216 216667465 754509374 537512918
2 180 767
1 199 1 704037909 677609939 926638409 493290123
2 451 720
2 443 734
1 847 3
1 386 3
2 275 305
1 467 2 413909585 218927678 260647654 206806958
1 480 3
2 878 891
2 455 722
1 631 2 771969254 181137517 363877174 404472857
2 162 990
2 603 986
1 756 2 366996925 550513628 16263359 582571791
1 799 3
2 289 993
2 270 937
2 149 509
2 622 985
2 157 325
2 816 949
2 894 972
2 400 988
2 281 620
2 366 515
2 162 496
1 508 3
2 468 898
2 380 631
2 195 675
1 343 1 298280450 454292507 938515678 157222292
2 5 372
2 138 194
2 208 530
2 138 594
1 215 3
2 237 368
2 248 262
1 495 2 737675777 867503451 972164437 262026377
2 249 594
2 614 876
1 973 3
1 509 2 103615707 475032209 987625346 130925345
2 506 658
2 494 848
2 56 677
1 748 1 722555997 741615485 908114703 230051945
1 964 3
2 21 462
2 829 842
2 730 894
1 864 1 471105314 832959903 885780298 361577816
2 46 412
2 193 312
1 19 1 26303940 916972427 865665586 798634753
1 117 1 183310850 818171151 952942875 206046920
1 956 1 638132933 471108069 400585573 990770259
1 110 3
1 438 2 262173850 231764138 416406814 941982822
2 435 804
2 441 774
2 860 938
2 410 682
1 80 1 555556512 648562214 667447218 175156024
1 494 1 109907540 758181175 333395667 262260307
2 7 39
2 532 717
2 549 594
1 321 1 42030520 955662618 79573406 109496129
2 18 914
1 647 2 345787885 981188376 40194084 738965594
1 431 1 822184503 72773021 276406330 169029860
1 84 3
1 540 3
2 113 734
1 355 2 576078452 106485460 155489063 68312920
2 325 851
2 334 756
2 228 811
2 630 796
2 370 811
2 156 912
1 992 1 429353964 240567863 224456158 517103929
2 117 896
2 137 359
2 31 813
1 855 1 32612484 8383135 9356188 445625059
1 771 1 977954468 300656574 728893363 191369356
2 601 792
1 435 1 21658013 152458856 928707558 222032379
2 311 438
2 699 905
2 197 592
1 964 3
1 904 1 777179282 205928073 392028603 150560603
1 17 1 357959964 536304778 33395920 49006174
2 624 741
2 963 991
2 143 551
1 603 1 56641777 219044828 376233565 160453877
1 717 3
2 592 786
2 569 595
2 295 868
1 477 2 69887764 666216820 235011893 392196217
1 727 1 37890404 501477242 682756141 674079038
1 495 1 206267921 165536271 141764530 541217015
1 857 1 889553840 690336434 329367912 986484315
1 626 2 452093918 618560735 124378473 446605276
2 427 919
2 580 586
1 165 3
2 704 995
2 920 988
2 657 711
2 433 901
1 232 1 880302663 106158913 93316215 437367059
2 183 552
2 669 730
2 294 332
1 858 3
2 491 848
1 205 3
2 584 821
1 758 2 965521045 650749622 482216963 142326984
2 308 715
2 284 454
2 445 445
1 883 1 729851631 129326568 693394979 487789274
1 439 2 378712199 424233957 871931827 158254695
1 217 1 985385175 211142108 411767990 889876986
2 814 854
2 37 711
1 413 1 259553245 67523517 169581535 673854170
1 738 3
1 752 1 24993422 615748592 3923065 178324692
1 227 2 892642161 402211956 508923884 671484682
1 957 1 831455949 92962611 7828055 160259473
2 257 567
1 661 1 253220305 946772109 625125214 92997998
2 490 577
1 378 1 148820862 140196693 632526436 773195866
2 880 885
1 739 2 224415410 918092097 782397483 246979823
1 171 2 550320833 2705372 250266178 743788612
2 722 985
2 60 930
2 856 980
2 306 834
2 31 429
1 41 1 559138801 516717247 174716582 486666072
1 266 1 808688475 777743946 698589618 267435753
2 470 788
2 52 349
1 162 2 279252301 395317740 24812994 646174480
1 592 2 906624314 769411787 908649577 555561746
2 195 426
2 307 318
2 23 407
1 314 1 884660233 168333411 70998243 641601846
1 564 3
2 279 597
1 699 1 921131632 128697027 830059526 793800594
1 401 1 590827505 261162896 893291199 145706133
2 292 332
1 632 2 579835943 379321129 48110812 354624569
1 655 1 425344578 744602048 14323570 271080173
1 857 1 359458581 831252581 392928969 355692954
2 462 546
2 532 730
1 786 2 65521657 213085900 46661231 290841844
2 393 718
1 569 1 66916916 445034237 996074706 184366550
2 323 976
1 516 1 834554230 526460633 785937339 514028865
1 396 2 534300252 988060959 309692332 218364950
2 12 134
2 552 974
2 332 505
1 904 1 541445578 41729929 250004580 30397880
2 429 868
2 306 633
1 707 2 618710296 255412161 352254697 281675586
1 717 1 72223403 64932707 899246915 814013735
2 438 685
1 398 2 339166560 848436700 56001440 309757426
1 965 2 61568099 350418633 867207306 5279275
1 401 1 145140077 40403460 188428301 202467015
1 115 2 798312634 91119848 973233011 561935849
2 731 870
2 174 545
2 8 467
2 833 968
1 520 2 109877499 85798571 226824686 910608468
1 915 2 678561394 210934872 304660205 735559250
2 543 790
2 94 320
2 26 496
2 866 946
1 90 1 415558313 227346032 437582665 987751255
1 537 1 99134035 460326712 811482877 368597213
1 539 1 511935849 937648739 906901295 267565089
2 334 841
1 777 1 992501224 254405679 594789671 955202598
1 697 1 984688059 503693031 190901403 480609014
2 295 910
1 378 2 246903691 412514769 116261240 65166803
2 584 752
2 391 971
2 458 614
1 280 3
2 159 860
2 234 313
1 168 1 676473943 574209869 24766390 14066534
1 104 2 16960419 223081713 91931871 456001713
2 570 720
1 341 3
1 141 3
2 184 965
2 32 511
1 879 3
2 557 827
2 124 437
2 369 943
2 280 423
2 259 576
1 956 3
2 259 653
1 272 1 322951214 616570526 916689367 128290734
1 482 1 792446696 879810748 517013684 884627985
2 407 420
2 382 809
2 505 591
2 282 410
2 462 961
2 66 108
2 372 470
2 367 693
2 370 904
2 508 613
1 709 3
2 303 890
1 695 1 296696714 856352766 682056921 516617689
2 662 701
1 861 2 635179747 894279382 22419505 650352963
1 33 2 822963655 168100832 140635620 52629108
2 309 794
1 417 3
1 343 2 963547530 912935718 987645535 91629376
2 295 901
1 857 3
2 333 680
1 267 1 665023516 806900214 161350909 1067469
2 428 654
2 11 338
1 114 2 534818326 345041194 457959158 367463736
2 117 579
1 410 1 91186420 479001641 955556875 9347866
2 313 558
1 909 1 939755975 923992152 21622350 220099297
1 369 3
2 262 701
2 706 873
1 732 2 672871150 361099518 846895849 944047277
1 574 2 316732358 522172801 874423251 454851886
2 673 769
2 434 760
1 962 1 140027384 370466058 280752312 484407568
2 361 655
1 498 1 144892803 338833241 996997251 75538424
1 110 2 599752939 590539317 447284876 231274954
2 507 604
2 589 983
2 185 438
1 275 2 201113214 452961270 863052002 254927913
2 162 820
1 40 3
2 146 912
2 828 962
1 220 2 64846240 228995549 597936836 492468985
2 85 329
2 183 477
1 161 2 322106607 688585181 204763822 180017888
1 464 1 936922456 641358885 125972696 848661711
2 638 667
1 602 1 399946581 507221264 403620743 779631351
1 77 2 510117569 578025999 688775200 556051380
1 63 3
1 464 2 329465855 639150607 991778321 541328265
2 280 910
1 760 2 896154275 787959368 891558352 742873981
1 990 2 72713010 486452649 539745850 165919184
1 709 1 520037641 243883113 727972695 267854795
2 439 645
2 37 722
1 429 1 104370196 101864355 267959611 882550466
2 275 649
1 86 3
1 464 2 155894600 841167516 15549731 94388857
2 640 683
1 225 2 856867182 841104089 251876407 166988641
1 514 3
1 598 3
1 708 1 666959610 391199758 73837122 210228949
2 126 254
2 140 233
1 841 2 287804186 378545248 174314528 256493824
1 485 2 198126495 814197450 890230984 233522960
2 44 806
1 166 2 955960877 37894491 868924419 205304337
1 649 1 59829226 796343678 308986834 360135302
2 14 512
1 165 1 317111892 420000997 111494145 69533227
2 224 989
2 124 792
1 513 1 73749124 992000493 747371670 240475232
2 267 406
2 350 832
2 672 905
2 345 926
1 795 3
1 321 2 962029974 820540807 900425453 489627754
2 533 618
2 604 983
1 193 3
2 399 612
2 158 648
2 184 431
1 231 1 216778216 512048984 260264432 886370581
2 541 665
2 549 824
2 409 932
2 816 861
1 128 1 27234607 981216316 166042807 50824599
2 91 351
2 125 620
1 686 1 780403067 381532353 957644627 212258504
2 689 920
1 920 1 44004044 698738547 907210409 104926683
2 11 685
2 278 595
2 639 675
1 728 2 611520198 150947323 616662440 84990393
1 666 1 879023573 266869779 410093780 647593480
2 29 290
2 287 954
1 127 2 912765975 192866804 909700626 307990828
2 434 692
1 36 2 788373306 723009282 806178705 316198189
1 874 1 754371524 668550868 451329251 567763536
1 769 3
1 238 2 621284346 113570559 160042521 124441699
2 525 839
1 962 2 65388925 543810253 401370107 689208236
1 904 1 567534750 870274196 664975938 110003867
2 340 991
2 553 584
2 384 750
1 664 2 267912519 537324577 926211345 337659887
1 110 2 845135698 38452500 990927199 208845492
2 5 60
2 266 662
2 276 509
2 77 369
2 154 407
2 531 851
1 55 2 675370746 979844591 119260620 960955334
2 255 409
1 337 1 146833724 959499852 151290681 774902593
2 181 939
2 323 820
1 318 3
2 719 938
1 246 1 97401397 786385954 297976073 505536560
2 621 760
2 418 581
2 401 838
1 585 2 40634137 835182438 659530248 809424389
1 232 2 120196144 888285434 500822533 255322491
1 76 1 103377103 703962350 556617039 864516488
2 121 130
1 843 1 160547786 835970289 279856472 419715194
1 526 2 798851095 310173349 386779455 134172206
1 760 1 87647583 651948593 455479012 643621694
2 467 972
2 105 700
2 249 813
1 76 2 150028871 870097689 62980407 98383724
2 620 894
1 973 2 238059186 864957226 394891781 121050631
2 466 742
1 54 1 362738922 900416165 119442233 24344743
1 162 2 869435233 480469527 684626469 698199655
1 896 2 738278110 237802051 627613674 126603486
1 975 2 776438530 12387078 528921682 840270126
2 202 945
2 550 986
1 13 1 386097535 738716464 235912794 969896432
2 119 720
1 49 3
1 314 1 381964456 142854559 680192155 638086875
1 272 1 758547486 172371616 111133409 269371294
2 29 598
1 43 3
1 89 3
1 339 3
1 151 1 351671037 502644363 304757630 37063471
1 210 2 893300133 95697073 653266260 31870053
2 316 440
2 72 776
2 97 244
1 84 3
2 341 488
1 217 1 209337922 913580013 436533888 436805890
2 30 752
1 548 2 245770676 906178221 236143447 813972598
1 313 1 515570433 643741990 90118186 662213677
1 320 2 778654051 535620331 938193857 962060494
1 60 1 894132762 418649331 691059799 874444211
1 218 1 296878979 381396287 249245821 952343557
2 95 583
1 67 1 31022155 103690143 222170341 539662338
1 24 1 208616583 838643213 928208553 254590839
1 381 2 881806087 821109794 307843800 979579372
2 181 694
1 745 1 204560576 423376313 794673681 492644950
1 857 2 812943436 199336185 240554436 140888868
2 44 821
1 424 2 446775813 65326045 835563005 849339646
2 348 839
1 80 2 912483284 722192796 393941972 315770778
2 850 913
2 199 605
2 217 848
1 123 1 509749303 425528739 507607782 554028766
1 768 1 270333177 309313232 677379676 607026890
1 749 2 146653693 863224876 195863703 745320113
2 650 682
2 65 439
2 501 966
2 279 805
2 200 548
1 662 3
2 66 986
2 14 644
1 488 2 187147648 228873451 599634790 109696695
1 459 2 765629747 739834615 629212522 432401418
1 886 2 479271193 822731170 133819498 356030098
1 938 1 80037095 724637369 973716478 888702826
2 512 787
2 317 476
2 514 879
2 86 372
1 642 2 844816694 834153439 721349749 430523627
2 56 468
1 68 1 608202645 721395544 867824418 352577305
2 58 100
2 136 814
1 361 3
1 580 1 751405759 778059282 541412098 971272303
1 199 3
2 147 415
2 601 687
2 221 262
2 62 244
1 627 1 217286186 241430111 886077084 752324942
1 326 2 51071479 295624249 834655806 318247827
1 846 1 470082256 239707658 97435316 910157778
2 162 640
2 6 422
1 46 3
1 455 3
1 6 1 82298703 33053689 567746545 598035219
1 335 1 377260690 30180518 245729162 449214174
1 327 3
2 249 294
2 222 722
1 756 2 346841655 539584329 16593376 215679236
1 105 2 573571018 810964025 984271866 456833360
2 277 290
1 599 3
1 414 2 597482465 302456388 93062794 375199762
2 384 820
2 54 982
1 118 1 129392513 667254870 828054801 234688208
2 77 643
1 744 2 51783771 766884 907537251 963615672
2 314 662
2 12 387
2 593 958
1 876 3
2 534 949
1 496 1 845933617 245972329 53129822 861013062
1 932 1 27894760 726947100 877576198 444112254
2 11 38
2 110 878
2 227 422
1 913 1 582162615 412423329 729301267 797833842
2 696 753
1 133 2 410914156 308116775 18259606 66705741
1 897 1 150741731 280417644 669462385 166544789
2 387 552
1 461 2 84399760 527608663 873763415 972408587
2 181 258
1 736 1 153854929 255763325 914316704 246483595
2 538 838
2 173 917
1 938 1 994331163 976394732 346196765 733502732
1 183 2 113259182 573796686 30739966 406605055
2 213 816
2 276 437
2 113 593
2 44 303
1 482 2 78812037 950337688 508301915 245545301
2 245 812
2 85 735
2 368 966
1 974 1 752262715 458584002 110336297 874768748
1 776 1 431362125 145934850 326914364 571061537
2 742 873
1 823 2 977042454 783504873 167086018 736442326
2 88 295
1 355 3
2 16 691
1 281 3
2 472 562
1 9 2 761162250 150575780 983417213 24215442
2 89 268
2 193 533
1 837 2 239235787 58453084 430689016 43558677
1 12 1 115364522 277207347 369770970 255415115
2 364 513
2 176 566
2 35 300
1 276 1 729580115 204965017 743367617 783226522
2 464 956
2 139 455
2 294 671
2 259 679
2 340 915
1 215 2 723921805 931381584 610300873 593718677
1 278 1 39264035 497397377 759523180 782264805
2 178 775
2 128 260
2 182 948
2 588 764
1 979 1 309094415 213025464 616561868 538095512
1 723 3
1 49 1 933637926 771223387 538677597 191318658
2 473 942
2 192 947
1 562 1 580444291 265064066 685311605 850241301
1 651 2 232735780 159127241 282459570 715529460
2 26 54
2 63 911
2 114 473
2 159 159
